http_api: 000000000000000000000000
home_latitude: 00.00000
home_longitude: 00.00000
home_elevation: 0
hikvision_username: some_user
hikvision_password: some_password
